{
    "overall": {
        "mAP": 0.4711585242471187,
        "accuracy": 0.5092592592592593,
        "expected mAP": 0.25,
        "balanced accuracy": 0.3292273347290953
    },
    "classwise": {
        "0": {
            "TN": 148,
            "FP": 136,
            "FN": 36,
            "TP": 112,
            "AP": 0.6904501195679668,
            "recall": 0.7567567567567568,
            "precision": 0.45161290322580644,
            "specificity": 0.5211267605633803,
            "accuracy": 0.6018518518518519,
            "expected AP": 0.3425925925925926
        },
        "1": {
            "TN": 155,
            "FP": 64,
            "FN": 107,
            "TP": 106,
            "AP": 0.6851043603224825,
            "recall": 0.49765258215962443,
            "precision": 0.6235294117647059,
            "specificity": 0.7077625570776256,
            "accuracy": 0.6041666666666666,
            "expected AP": 0.4930555555555556
        },
        "2": {
            "TN": 382,
            "FP": 11,
            "FN": 39,
            "TP": 0,
            "AP": 0.13612682841502283,
            "recall": 0.0,
            "precision": 0.0,
            "specificity": 0.9720101781170484,
            "accuracy": 0.8842592592592593,
            "expected AP": 0.09027777777777778
        },
        "3": {
            "TN": 399,
            "FP": 1,
            "FN": 30,
            "TP": 2,
            "AP": 0.37295278868300263,
            "recall": 0.0625,
            "precision": 0.6666666666666666,
            "specificity": 0.9975,
            "accuracy": 0.9282407407407407,
            "expected AP": 0.07407407407407407
        }
    }
}
