{
    "overall": {
        "mAP": 0.3783514684432114,
        "accuracy": 0.6315270935960591,
        "expected mAP": 0.25,
        "balanced accuracy": 0.45750341975335035,
        "adjusted balanced accuracy": 0.27667122633780045
    },
    "classwise": {
        "0": {
            "TN": 215,
            "FP": 92,
            "FN": 162,
            "TP": 546,
            "AP": 0.8996312790524845,
            "recall": 0.7711864406779662,
            "precision": 0.8557993730407524,
            "specificity": 0.7003257328990228,
            "accuracy": 0.7497536945812808,
            "expected AP": 0.6975369458128079
        },
        "1": {
            "TN": 625,
            "FP": 207,
            "FN": 111,
            "TP": 72,
            "AP": 0.2551325114564984,
            "recall": 0.39344262295081966,
            "precision": 0.25806451612903225,
            "specificity": 0.7512019230769231,
            "accuracy": 0.6866995073891625,
            "expected AP": 0.18029556650246306
        },
        "2": {
            "TN": 885,
            "FP": 26,
            "FN": 92,
            "TP": 12,
            "AP": 0.23668958035578017,
            "recall": 0.11538461538461539,
            "precision": 0.3157894736842105,
            "specificity": 0.9714599341383096,
            "accuracy": 0.8837438423645321,
            "expected AP": 0.10246305418719212
        },
        "3": {
            "TN": 946,
            "FP": 49,
            "FN": 9,
            "TP": 11,
            "AP": 0.12195250290808235,
            "recall": 0.55,
            "precision": 0.18333333333333332,
            "specificity": 0.9507537688442211,
            "accuracy": 0.9428571428571428,
            "expected AP": 0.019704433497536946
        }
    }
}
