{
    "overall": {
        "mAP": 0.32480546662587495,
        "accuracy": 0.8193891102257637,
        "expected mAP": 0.3333333333333333,
        "balanced accuracy": 0.3230193062565089
    },
    "classwise": {
        "0": {
            "TN": 32,
            "FP": 206,
            "FN": 317,
            "TP": 2457,
            "AP": 0.9052072816537131,
            "recall": 0.8857245854361933,
            "precision": 0.9226436349981224,
            "specificity": 0.13445378151260504,
            "accuracy": 0.8263612217795485,
            "expected AP": 0.9209827357237715
        },
        "1": {
            "TN": 2585,
            "FP": 217,
            "FN": 200,
            "TP": 10,
            "AP": 0.0576136851703371,
            "recall": 0.047619047619047616,
            "precision": 0.04405286343612335,
            "specificity": 0.9225553176302641,
            "accuracy": 0.8615537848605578,
            "expected AP": 0.0697211155378486
        },
        "2": {
            "TN": 2874,
            "FP": 110,
            "FN": 27,
            "TP": 1,
            "AP": 0.01159543305357467,
            "recall": 0.03571428571428571,
            "precision": 0.009009009009009009,
            "specificity": 0.9631367292225201,
            "accuracy": 0.954515272244356,
            "expected AP": 0.009296148738379814
        }
    }
}
